99
1 305
12 301
26 299
37 298
46 291
58 289
74 285
79 281
86 277
104 270
106 269
107 266
114 262
118 259
125 256
131 252
136 249
139 246
149 239
155 236
159 233
164 230
168 226
171 223
173 221
178 216
181 213
186 210
192 206
196 203
201 198
208 192
220 183
224 179
228 176
233 172
239 168
243 164
250 158
256 154
273 143
278 141
294 133
299 131
307 130
317 129
327 128
347 125
356 125
365 124
379 126
392 131
397 134
402 138
410 142
418 147
425 154
432 161
438 166
446 178
448 182
450 188
453 197
457 207
458 209
458 211
462 229
467 244
468 248
473 265
475 274
476 276
476 276
479 314
480 320
482 327
484 332
488 341
490 347
491 365
493 379
497 388
502 394
508 400
514 405
519 410
522 413
537 421
540 424
546 427
552 429
564 433
568 435
572 437
577 439
585 440
594 441
597 442
598 443